Alligator_mississippiensis 117.410223610387 71.9786434229139 -4.48476688495635 45.0060043509517 -10.5564758240537 38.138384641269 31.3908369024541 -19.0429872833109
Alligator_sinensis 151.454338192595 62.2405323869836 26.2918943920596 94.5033903563647 -11.8781388794088 57.721498480936 8.58321774249022 3.60864580858354
Anatosuchus_minor 139.057870520382 87.5002499658759 22.7332730327991 115.251650856366 21.08240942986 80.0974436824418 24.2018472745965 26.016414130304
Araripesuchus_gomesii 162.025891271835 52.9393823059236 56.4203452567503 86.8977177475215 32.6959643965868 70.3877483816896 -69.7837217514781 36.5259863721257
Araripesuchus_wegeneri 163.921074650674 81.2152922620892 34.4009409596645 90.394241563592 -4.61819601332059 60.6031234631099 -38.9363329155985 28.9334856737681
Caiman_crocodilus 133.670757828111 54.0633900164334 12.8781229495832 74.7690971936252 -18.9420355405381 58.8260691496981 4.71277013466781 -16.2897168030049
Caiman_latirostris 175.579495554661 83.3725531953691 0.358410696371944 80.0789872807296 -17.7503776388025 65.8892439486107 9.06146055742734 -3.73249357626765
Caiman_yacare 136.222274334095 47.5016732679985 7.73095306748209 70.4231370190978 -10.5346569486518 52.2486623397627 11.2165065079464 -19.8845520873236
Caipirasuchus_stenognathus 213.527530028532 74.5407443652851 45.4211554616815 84.978224545742 47.3231399523081 101.661382779711 -64.4345233167017 51.4470611012651
Crocodylus_acutus1 40.0445667225589 21.5269308770217 -7.2740139897096 16.5371555109446 4.22305725514952 4.57155605739763 -7.73588849198797 -48.0794323926815
Crocodylus_intermedius 74.6394773091309 49.5990502223282 31.23547901706 9.20363167896221 -8.09309849919683 5.90552536965609 -6.75434592203625 -49.1128101861898
Crocodylus_palustris 191.082118524283 26.5105242880712 -10.7829276485251 48.727095559237 -20.1976096814921 33.0765673322658 1.60916659001793 -39.4134584098096
Crocodylus_affinis 127.97501804818 79.3805995645871 8.8281737833127 85.0601301188558 -27.5207786879449 42.0823527385594 13.1844292695787 -36.5092261874998
Crocodylus_johnstoni 39.5876809657182 -16.4994086046127 21.6171946693177 25.7988970252782 -21.1044330466962 7.12565111298788 4.28441314729379 -16.0961192499748
Crocodylus_mindorensis 80.3018142128041 19.9894782307355 23.2652782178879 63.4103599815101 3.45521088636105 20.4474798482989 3.04840628950327 -44.2815140465999
Crocodylus_moreletii 114.194358370045 29.0283806745143 3.82759565940301 65.3062236257106 -21.4510113965188 42.138885810823 21.9344547528777 -18.3315692484344
Crocodylus_niloticus 108.629000185471 51.916490228332 0.506277730302655 41.2903261833134 -8.97184309982721 32.8174993715629 -0.595973427207591 -33.6719529249805
Crocodylus_novaeguineae 54.2727096340307 5.33928894341011 6.01890589378981 35.3598288304716 -23.3464496946255 34.4885642589219 0.960574031520805 -45.1199245750847
Crocodylus_porosus 126.340032420312 69.2587639624349 -4.43922715108909 16.8118663510816 12.8755990663476 42.2124987042967 10.7897748762359 -35.1844396176765
Crocodylus_raninus 101.379197370235 69.9700429365932 -8.55801837924369 44.0947319188516 -19.1891971107364 18.785699477008 1.29901176442548 -39.759481648076
Crocodylus_rhombifer 103.516250800133 58.925202141768 7.29263121261801 54.3541685129357 -0.412408970396221 46.6864055976977 -27.0967800459502 -17.9300089315879
Crocodylus_siamensis 84.8487691852163 60.4842277061173 -6.1249963874951 55.9224578391252 -22.8394806294421 34.5158172841881 2.20408034246104 -39.1504712803938
Gavialis_gangeticus -13.0874034032645 -16.7799049124888 -12.9698585118721 -29.4119403475499 -3.85514016564717 -17.4589448014178 3.41525896977741 -26.8456825289198
Cricosaurus -6.47968948745794 -17.4064532603727 8.45881168827474 -6.63207275156176 12.1460965653074 8.59492688264303 -27.7711106757013 -10.1765450434268
Kaprosuchus_saharicus 75.263154057479 71.7576814164706 17.0587793406765 28.1118358299107 4.00766753044707 28.7536386355345 -13.2401389370245 -16.1571449524638
Leidyosuchus_canadensis 71.5546818583834 40.7068189327316 21.1771466469458 62.2730583149117 -10.8587872123425 19.6479651224486 28.0590258189062 -23.400889065248
Mariliasuchus_amarali 265.694352040449 100.350211664833 23.6164747958541 81.9930253065213 31.4723273231795 81.7221931376252 -21.4541608120555 41.9047799639282
Mecistops_cataphractus 8.14007659521919 -5.12626126454429 21.849349170188 -12.8060313144636 -6.24125808831662 -4.09215281828017 0.0467702293870963 -43.0886827554351
Melanosuchus_niger 144.3353360873 84.3606888644611 -12.2440104406965 52.6463984292509 -3.77357335935773 56.3856275985865 7.28799617689337 -26.1963508670945
Osteolaemus_tetraspis 151.227186396671 61.2886298792712 29.1324243210408 75.3804447952649 -8.49890521317643 64.1585313122947 -9.51672410559503 -4.09691200362316
Pelagosaurus_typus -94.246058938274 -37.4162168020669 -7.33792198281611 -38.2091440070754 -1.91376999117093 -37.9960888449188 7.01893350624092 2.33545151722252
Paleosuchus_palpebrosus 146.484694014772 79.664515553952 19.2042036140186 67.1991342983307 -0.28974682594815 50.0372414990291 -19.2150876743638 -6.21870492799745
Paleosuchus_trigonatus 124.178628588968 43.4069182538373 13.9678742396629 71.7023126565115 -21.7719718528389 47.7996477196766 -11.652046654076 -12.1423817123438
Pholidosaurus_sp -4.21160466678635 -27.4459412647865 -14.4016252414413 -11.256616761291 -10.9251060472225 -8.23390825738773 1.30601377705224 -16.9747276767066
Pristichampsus_vorax 95.604845267013 48.2922599794692 25.1705564499902 37.0803527517111 -6.56479980704382 51.3579216827455 -19.2811657610337 -4.37403262562484
Procaimanoidea_utahensis 113.98243735793 56.4182110647438 46.9328124219141 68.691677620212 16.8734276742069 57.1657813989835 -23.6530939231627 41.6984111418333
Prodiplocynodon_langi 119.938814095148 63.7973186575172 -16.7800376508373 53.9710834162655 -39.1859970936072 35.1889123044912 14.6909247776629 -45.4067914933658
Purussaurus_neivensis 136.069881579117 119.769566288765 -14.4467856020665 64.9267754776331 -11.6578708466309 56.6345777705746 12.1521110469789 -21.5286105092116
Sarcosuchus_imperator 60.3157106257798 27.6179667147006 -13.2843624475044 -8.47937794949937 -13.3993934880339 14.9455899143376 12.5222630615936 -15.7911751295534
Simosuchus_clarki 244.539068241054 166.489833361028 37.3744093645822 114.95946784019 42.5037547421841 105.724470171198 -19.3031576194672 60.416579309185
Stangerochampsa_mccabei 153.164442768486 65.2733713495643 1.30457538778977 78.8717124497987 -3.12911287888566 44.9063761927319 18.3600013889571 19.8630640424159
Tomistoma_schlegelii 2.67373188781304 -0.686171862264027 10.0438113022091 -28.1607903689336 -12.5906485269651 -23.9240583414501 0.724522935531385 -40.8702807604566
Voay_robustus 167.439451731079 107.631336892574 10.7791107921125 61.3950995751249 -6.42248143095625 57.8192541307651 -2.16909985160827 -17.5347637111247
