Alligator_mississippiensis -102.571787431573 85.136207034321 71.4353956153875 29.831610708557 17.1729207263571
Alligator_sinensis -111.310599617896 95.1518902272405 125.468706290981 -2.14404420508188 29.3236146883313
Anatosuchus_minor -141.007782261297 72.4083202217056 134.902170979648 -10.9170188031336 31.7092098306169
Araripesuchus_gomesii -135.750233801918 42.8660535666777 136.40646599952 -6.89443053537766 47.2331268451516
Araripesuchus_wegeneri -146.859927484168 73.4937142258499 124.866449726824 -7.23841386036691 22.7105873273339
Caiman_crocodilus -92.6127898021457 91.4887338597998 109.091767033778 17.6615201953644 32.0042708934441
Caiman_latirostris -141.232446339366 107.528858092938 126.340865657228 26.8837683559825 19.7691771771559
Caiman_yacare -92.5142181482407 88.0440802142859 109.891539518523 9.69224096171376 32.9317828511381
Caipirasuchus_stenognathus -176.718121428467 69.1727790431361 172.014882615606 16.0858537979859 49.0116894607417
Crocodylus_acutus1 -27.8109045283166 44.306037112057 14.3795481008015 17.6221130794213 41.6680546604098
Crocodylus_intermedius -60.2915342464486 54.9741609638886 15.4412143737288 23.098776737308 47.9717785107126
Crocodylus_palustris -100.900587531517 112.413985588265 116.323146464801 55.2034368166984 23.4371203031358
Crocodylus_affinis -105.744464848651 103.363036695926 92.1011721168892 -3.59509725008359 37.4787859551641
Crocodylus_johnstoni 6.05427902581525 36.6516799463279 40.0609336907469 4.65456471614494 10.1247053310654
Crocodylus_mindorensis -44.1481081617151 60.6047039883413 69.0654776598846 -11.0774092326307 54.6546321837214
Crocodylus_moreletii -63.9265877669875 84.2967606809937 99.8918336212749 7.84547489969059 18.9297713879988
Crocodylus_niloticus -80.7026895535531 79.1888151765736 65.3692034181631 20.1370412983643 36.3020323640681
Crocodylus_novaeguineae -14.7237328130636 50.3956966730012 55.6849920635311 5.49343227427342 39.0678064444084
Crocodylus_porosus -103.399275972443 84.9702545441431 59.6855486868879 57.8206021917745 42.6140932312822
Crocodylus_raninus -86.6845457044225 91.9069360273443 48.3443364255131 1.09436594748589 36.3862315208607
Crocodylus_rhombifer -86.0526872000967 73.3318587727092 72.5552450927618 13.3711179409732 40.4276840463431
Crocodylus_siamensis -69.8708147196912 85.1905579761611 57.0450025033787 18.12918178571 35.7097807200438
Gavialis_gangeticus 24.7622368707304 9.39508832338202 -23.6160423179994 20.9355843569113 7.3699127002306
Cricosaurus 9.43389189756563 -15.6601706665632 4.5022764039389 -3.14756011428424 23.2826334881878
Kaprosuchus_saharicus -92.2762086752488 41.0626281937518 35.3614714995545 19.2985206711755 27.7768240182934
Leidyosuchus_canadensis -51.8636656411705 67.9391812997634 59.961658984055 -9.45473687397494 28.3483102562335
Mariliasuchus_amarali -218.533869028945 107.278452829919 178.77547194283 33.6566635748031 25.1009127696871
Mecistops_cataphractus 11.8769563273514 17.6622199629056 -7.01019888176392 14.7440871176656 31.9993242609799
Melanosuchus_niger -130.114694449373 89.3650368503749 90.7930455304911 31.4174348963962 34.6144558897715
Osteolaemus_tetraspis -112.317352052487 85.1620405275839 116.722284739171 19.6835991578558 36.1170870197561
Pelagosaurus_typus 67.4568904336204 -45.5861042185128 -62.2138764291813 -15.3351748222579 -21.3263922950149
Paleosuchus_palpebrosus -140.813575406534 61.222970660597 98.9803806153952 7.58328927857334 31.5297984007507
Paleosuchus_trigonatus -76.3722560460818 92.5254956388197 97.8581209255231 8.09572616567681 32.2586057652278
Pholidosaurus_sp 27.017326557093 10.0441947814088 -0.506868625814769 12.6804662256415 -3.25639140411932
Pristichampsus_vorax -75.927332280899 54.3918795382669 69.9289273090322 23.7492067806193 28.538533581565
Procaimanoidea_utahensis -96.2691422116879 59.2518401763134 98.4926927719329 -17.9169488433079 31.6891437689102
Prodiplocynodon_langi -86.0787445989092 105.819962234621 74.7659123609491 21.7607335885252 22.3272252319544
Purussaurus_neivensis -153.183344301978 94.3457242969063 80.8933270984371 20.2019521489721 28.0140767778865
Sarcosuchus_imperator -44.2385041069483 44.3763221952197 23.0265240170519 47.3394202346557 -1.92839957782258
Simosuchus_clarki -265.813112753452 96.8854048987951 168.523830731971 14.7210602980592 41.8583465234341
Stangerochampsa_mccabei -123.095401648778 89.9942350327336 116.752796968325 -2.28294839102027 4.93447650963647
Tomistoma_schlegelii 7.58191433250389 13.4790911318505 -28.3248574544309 8.91199465956214 18.8933685409993
Voay_robustus -153.17500270649 106.142546346921 96.3753688152156 31.0604569105951 36.7270592654784
