Alligator_mississippiensis -127.63149889472 -48.5176742880589 28.3375718298889 -12.0621636874443 29.0426769656966 -24.3722427795508 3.79978030245205 -33.2642617214921 9.97957940176758 -11.6824495321755
Alligator_sinensis -136.183753231524 -117.083303656046 43.1338360998784 14.8083948087067 14.1785786562527 -8.64458168350861 -4.22311077973098 -26.1551329432595 19.1113919816465 -0.731027685360239
Anatosuchus_minor -150.753885454377 -120.046399227447 30.7879296102408 41.5481080961067 6.23784603753067 -58.8207621572312 32.972061826963 8.03478677593432 50.4524539147195 -24.4570849460289
Araripesuchus_gomesii -133.772587855352 -126.360842523567 38.1164783753062 89.3266710343596 -25.9380707333381 50.6813974574153 9.4960576749855 22.1997578581935 22.3290390011271 27.75430947313
Araripesuchus_wegeneri -155.590025191049 -122.027419881288 31.336919835119 46.1446128648073 -28.477758040441 32.2443525874972 19.9869305773355 5.97931847160329 -8.3143453880041 8.60167628822525
Caiman_crocodilus -122.577096039 -89.0429041164879 47.7171380978127 12.524383470248 22.0226961833768 -5.57271355954954 2.89675512609091 -54.2480775427246 7.2907060515404 9.66719462032314
Caiman_latirostris -175.316486597151 -99.2381250559748 52.453518810863 7.98112067551468 17.5895248025879 -4.91454047696746 -0.615544881593054 -39.264459762399 8.10463126827835 -2.74100851583698
Caiman_yacare -118.94911534645 -90.6417996266185 43.5756400999084 5.76159375358399 38.3433611293296 -2.84466153512305 -40.6636572572409 -41.823676721822 2.11117617287525 -6.29570872517103
Caipirasuchus_stenognathus -191.667905124152 -138.368165531128 64.0999280963332 100.255283729712 -22.3204649508104 48.9993264947456 -37.4569327419519 11.3031239704492 13.0555999906006 47.8331593095452
Crocodylus_acutus1 -35.7852478188944 -4.87334768579229 -2.88848831691038 2.7043395792449 45.7910834809532 10.9818751442037 -11.0892564753651 -48.245043869077 1.80073336502447 -12.9262831234588
Crocodylus_intermedius -69.8678466441973 -18.5032576611462 -1.84577949370626 6.28933685946157 33.6360708352477 16.1353043462666 -15.0080636971088 -47.6134192054454 6.23221621959993 -4.02223624286853
Crocodylus_palustris -147.661058832256 -77.1997251727127 72.6583503171696 -16.8625224453635 54.6280839277157 45.3650575849163 -6.12866356282922 -56.7410011537064 16.6916701544323 -18.8194705972406
Crocodylus_affinis -130.364407242262 -95.8143587830417 17.1705382700043 -2.84896472387032 31.4596826527442 -12.2015951934668 12.2973509547104 -55.6162468765425 -17.5491537307573 -14.6532794183687
Crocodylus_johnstoni -3.35909657974402 -32.9223418447619 29.2743943335767 -13.6787153882431 16.1957953184093 8.02740405878978 -12.9594377143281 -43.5115808704054 7.83410380722073 -12.1132104799144
Crocodylus_mindorensis -53.8527514648501 -72.8804790232412 11.2841062844848 10.5773748429251 49.1841313160359 4.76979689813337 -9.8864621814644 -43.2635963272184 3.72504541205748 -7.65392417079787
Crocodylus_moreletii -91.2310500541427 -81.613136416011 46.6841168384072 -12.3756656716844 33.6274129691177 -7.99441639779383 -20.2304062061513 -45.8463323418247 -3.18501469737441 -6.2836330654904
Crocodylus_niloticus -102.752538826719 -52.0136262849802 21.1551800222815 4.1626862852628 35.3608560319001 6.14121173057579 -14.260205711297 -46.9920487115862 -4.56310368099189 -10.3307114297541
Crocodylus_novaeguineae -29.6834409608075 -43.9571521013022 25.6042282577894 2.40153830144257 40.984921235942 -1.17696601055888 -10.3783014698125 -49.9873671449831 -16.0242573309273 -7.41784875555508
Crocodylus_porosus -135.048511279582 -24.197898194318 31.6087755791383 9.72370619604047 44.8970326976699 1.53112406251786 -11.3970565064467 -42.4963920039832 2.57737913040987 -6.82342185939374
Crocodylus_raninus -105.712647119653 -54.6491861046777 -4.69368035129583 -8.84672265310551 35.4860360944707 0.738480348791198 -11.5821993306035 -51.3324985107955 -13.8974289509402 -6.87762021823198
Crocodylus_rhombifer -104.688951890243 -60.8701235170505 19.0712582023456 32.7305284459122 14.1019943868154 2.45606373680963 -16.9578819798504 -56.2795625945333 -3.17173826541191 -26.8084733962715
Crocodylus_siamensis -95.0779483276402 -45.9116414615673 16.0945588622819 -0.0401939952637387 34.2596354510062 -10.3604871509707 1.43345921163688 -66.0381800229406 -3.99918687887173 -11.8425455896647
Gavialis_gangeticus 26.853174400977 38.1405039668247 -2.00546703629632 -22.895765686596 25.5703041553558 9.23637738656797 -10.122056220187 -20.8319589263404 -1.24487274989348 7.245670572024
Cricosaurus 27.6702150361045 5.03243737599996 -4.53226522449105 23.5489820982127 5.12600921907723 16.4562666167259 -1.86451190413107 -0.106205816538643 -6.22183054319234 9.26916318694519
Kaprosuchus_saharicus -93.1431274376224 -26.3455737135295 -0.208385907053462 27.428953840368 -0.74031329771227 -12.8025598986106 12.6243349360435 -29.1625775629141 14.3885161368633 -17.7084766935284
Leidyosuchus_canadensis -64.1628321179152 -64.6283208773059 10.8179677514925 -11.5249366289188 29.7070356085844 -23.3077724203916 5.11945067971063 -31.4706608096974 4.53089137336838 -16.99747294903
Mariliasuchus_amarali -247.791289741409 -143.625340417572 69.6523848553985 43.3189440801993 -3.68470383894493 57.7951659639754 10.2141498350362 53.9147098241361 -18.0796381634263 -1.87140231496386
Mecistops_cataphractus 11.7663378559078 11.3068167093069 1.33684711588243 -4.22257703271049 31.4432087704871 5.87220105039807 -26.3126832137201 -43.8429456241178 1.07368381395155 -5.56850898381889
Melanosuchus_niger -155.369599436276 -63.6710391298604 29.0301581788245 13.6187542113629 33.665147066629 -7.80591234289859 -3.99868081051952 -35.8295074077049 1.4666271149506 -0.106398397432166
Osteolaemus_tetraspis -138.315664482648 -96.1660064558369 49.8701794646915 30.3495593785225 13.2525542504756 2.72839970637872 -8.81839763287771 -45.0276876900062 20.6771533309678 1.60445728818719
Pelagosaurus_typus 100.591127687678 61.4978234167368 -30.7971451208057 -26.2402713920166 -9.4740342043889 -16.8742933615628 -12.3615187997468 4.68887026999683 2.29919897810362 8.03733317749359
Paleosuchus_palpebrosus -145.835619157941 -86.7778987018518 22.0252010036016 35.1451435971573 9.31794402943478 8.68380117582736 -13.5136459699969 -19.5269122794814 23.2199352280309 2.34440929908175
Paleosuchus_trigonatus -105.276236946534 -88.3045762038685 39.1640902162276 13.3590704078899 16.3367287581245 7.25568286644288 -7.65287293894162 -55.2692446019396 10.3483324114075 2.25040495192496
Pholidosaurus_sp 27.7884416432254 16.5111041499485 10.9036354174788 -25.3608874408714 17.3078401785018 16.8980367930593 14.8343572150547 -4.90790237748454 -26.632678520299 -30.3562285516923
Pristichampsus_vorax -91.1155118609066 -50.5082601724712 34.203297475759 31.5082146462187 0.455214615320754 5.44533055169677 -23.4024772114085 -41.7401762067561 0.072921296902821 -2.03059299860092
Procaimanoidea_utahensis -102.268860571818 -99.0535528899376 23.1735210221424 50.7920017791849 -20.0466289417065 -4.03655710679894 -55.3997966993161 -10.0943113702778 26.1402990942245 21.6783792579994
Prodiplocynodon_langi -120.458153145993 -61.3590565149744 28.8666892845077 -23.7103782131018 39.6085519577166 -1.43349818817472 -4.86906491467963 -70.6474985123652 -33.940165602143 -26.635263390548
Purussaurus_neivensis -173.595908529428 -65.3720306043764 9.86024051149952 10.2159703983378 19.7406421521629 -25.159954757373 12.2318390948277 -28.8686434685119 -18.3461069595861 -17.6218479687463
Sarcosuchus_imperator -60.3529219647634 9.35849157255933 28.4600482386489 -21.1029345285234 17.9947435479486 3.55373985770327 1.66657197434078 -22.1848196382677 -6.85825506325285 -18.0742638265527
Simosuchus_clarki -278.145662003727 -147.751957768416 32.1821758419056 86.9475556010013 -31.2202810465707 -15.01416163772 49.2268851783819 57.0883263817375 60.1547978375155 31.9365058283559
Stangerochampsa_mccabei -142.347550050012 -106.875909759994 34.5297775699729 -6.74679288654765 3.43655972606231 3.55009140322678 47.2587434955982 34.9130670367057 -22.7613106956755 -25.2191986604641
Tomistoma_schlegelii 14.6237802354078 23.5778981406327 -15.5870288102994 -20.8905165473574 27.1248608772848 16.3755970199302 -22.4181721707976 -26.2116775990363 -6.00029627423717 -4.14873358869224
Voay_robustus -183.023223509488 -80.1346602737775 29.0202731340172 21.1819527459202 17.1329637455869 -5.68724341936569 -12.620391915155 -47.6682224707423 3.5419321525082 -11.9053917467019
